534423268
320931259
374989545
-519401946
-758964718
-598287912
555926091
377289830
808770446
-823062399
-717273077
-792384701
975067326
-137554451
-248817157
-253463941
573079370
-159491539
-709695820
-633535122
-312517396
679962097
553367787
369229850
885520193
192071174
-271338528
-462005626
287770451
619287578
648349673
965112997
356846296
-970019678
918913190
-952846578
171440540
-714992610
-872015534
-476703607
-66825055
671102398
-82108214
351008683
824498923
-431048701
-344077630
318137523
152586340
-509682111
-390181594
329724044
-393772113
-807841957
-691572593
619984274
-706559750
143750129
416828528
-211056685
-655879205
-391987226
482192531
550361394
768524259
640713146
618243951
-223531814
923189294
-223428010
477070000
622826581
420016705
899423690
8608307
-738038142
705210174
-205873070
82606407
-493976798
-614692667
-374276031
-680945485
405582123
512719812
206848338
81153021
297503677
526525524
980343129
851129221
517397739
428954014
197784813
21402633
916449838
449893393
-140102735
-692104404
625709130
-793506147
-964185417
852452858
-410140310
204734430
979827232
168209196
-851542698
880150165
-297360204
368470498
-286732949
-450164192
835369617
801149732
380957219
694656695
548389912
-51619502
239728863
56980695
624601036
-148545869
-334498351
574955036
-141367594
47225428
235146058
14247481
112816778
108535474
688715945
700721170
462496140
-998172787
968354561
237769819
775642271
-259882199
-278600149
545590059
592315896
-970248341
-221509203
-647462298
129634416
-121796587
412518756
-528264514
153784181
-373082612
273890048
-428824422
-95643821
-524195958
863321684
382202489
-399713834
-867744326
-101969095
35495763
128060061
-48918882
-571170474
-781140821
-76375566
875338428
-534500643
50631531
-621100402
-798996717
-335052188
-427793063
98255505
413576382
-862711555
-304685419
-644514635
-897270983
-683311172
909616649
-397259701
658946909
-683745976
-750894925
562487377
799692913
-389099168
528717565
-924484294
-693805461
275549863
942255555
-416631999
-864830450
838887005
-88362464
-696352607
951956039
-863168506
422699940
605858398
248542257
79783673
564913981
532843686
388057081
871426346
-675775693
964381332
194498124
-471065527
-787494483
-197656723
-418587835
556920310
406352912
717314259
-935430075
-155558994
-843021910
-216967556
-384723292
107182619
147898335
-342078257
-897897582
350261612
226184404
831295740
672080407
757616870
628468798
214872646
937482223
-27892049
392032151
790787518
433882900
-354321737
423104943
495565110
-970980177
273247386
684058754
-856893584
673362248
-272181146
870368470
368580664
777838475
149917578
939097211
440096848
-105835078
609460087
172743217
724679172
-950654222
404585368
928153850
86829064
-26119585
-611089627
-838416974
108870225
-836919765
-815577082
-52089311
552551114
-925106862
307725943
464915600
-93374758
-344917861
30606066
731495688
639801487
566461065
72045406
-517722618
-256340539
-221447464
-521041828
-743129689
882552655
-76173554
-568365824
285329940
-594454388
-755800570
-87490337
161113891
179049634
-844279627
-792882039
-351731212
-317716259
445513864
-311612796
683975968
15435587
540582548
231230362
506525645
-398942701
-151103598
654896567
699798235
-909206942
-246677616
512245088
-377023297
209808668
139104096
-525253412
-160020958
-980513153
215362232
238560555
-765860166
59570492
293701953
707161173
348730857
130913474
224661189
97121240
143488152
-347736917
-99535952
714737232
-237614225
426813761
-53302360
-328312027
941901047
274613091
864151667
-451894205
189980451
877232587
845630487
-498445453
-574866896
954100138
-923394941
463736003
-586052663
692067556
141058635
-706391586
969407767
964791810
-608565203
-828539911
-441387036
488492552
356464335
609069020
-558508085
222813964
754780458
750698436
564079277
648520163
-763359507
816694947
893268566
367750480
525915019
-541627734
-807401935
-103349910
231474140
185547133
-506039903
-997970242
169701240
380403955
-584697991
-2746566
612986898
-938380065
-678952743
395458848
832468965
-192005770
207112895
123112051
613519796
497447686
-528827555
-247323991
485468522
-101578295
-414633503
411099060
-55244865
174139524
782399157
-978194861
8981052
-929061579
662597686
-744537859
-785255695
893687558
-866765406
68411083
935562459
-329159995
-335429341
151546805
958075364
-46960511
153202017
433893604
934453961
-713776868
-250300634
864647332
924014942
-937290219
-516220693
391013538
-982361851
982518228
295795331
938679364
-330940178
-780120497
142221115
-671973816
498417369
56215988
-533241991
-113975827
-266145835
950570955
362627735
-512390787
-138085851
23696174
-84586436
445301744
523856348
919390174
2155250
-917510478
-944573274
230917999
518835003
-396888396
-32568765
-274721125
-130061016
583898454
923005276
614436238
502723281
-121194508
171358317
738286236
-151394208
73572096
701261662
-547441403
503714873
-241545875
-887864136
101504786
-872433858
-670743716
-204387389
-83156864
-317496622
110117943
313789765
-175292886
-109561720
900180020
-343768206
-266194194
174858121
540986733
-622971820
-4255907
-665293323
-514304135
-819202595
556862360
-452372496
568901613
-245334908
522087864
-757007627
-444980272
918669132
-140421289
-854789590
-542883300
-684676780
213802679
93946359
-134374271
-657183322
277293890
513102244
-331892863
62552895
-434543862
581955583
983838591
619159786
-81311622
884965099
184550124
-312314771
646069712
-62198305
864918916
917421573
-832196018
-263254544
611297581
395877453
789424995
-982866652
973873369
816113460
-632760501
-934801247
-966753810
-747039487
-316355395
-358545740
-400390955
-965978707
530068914
-862742472
-475822043
430865200
855334313
-852448627
-511160230
743691466
-736712267
832602572
-369218414
-191330716
-152820344
-749761538
579087837
67840149
-596692892
937623113
-42106177
-10912638
-31620878
-527367801
-121916558
-118010908
-115661233
346881207
-72784753
-872659533
928268999
460948068
-551456761
447858113
796237015
512727239
-693481850
-373199144
194848433
-593876960
872888825
-319973501
334955788
495513277
-989474865
-198614657
-783637699
-155152929
-445151973
746211449
-606236319
-800075325
935716313
-774972500
-156304908
-493013586
-177679675
788020716
-348678578
80367057
-185236492
-758040014
625043300
142903414
-122091848
-65004727
-80475672
698825694
719422663
-508635024
-344417165
-501006096
-21580243
-418769874
-735128583
788822682
494812863
841950063
-958752310
224173523
-271029336
596810193
-216363452
-943781758
953049202
-211178646
883177862
-75630680
-88703501
317722384
-880875254
-186078696
450590522
70848720
405833883
-924264699
310836951
551429679
816883458
-180629356
961943329
572483635
-934268259
-282679245
556299338
994352037
902616044
353170511
500854739
-416768081
880220532
615719398
-992776671
669456322
690888381
235991104
-965118186
798337793
-521207914
959896152
407112682
535356092
222039351
161995348
538493473
-954386952
-710284512
-213472906
408456362
774310814
680035800
-849709739
402337909
868511855
-926997609
-490097174
957336257
22597285
609783097
983497632
630416025
606795097
-427863476
-198714858
42890125
842571379
129199842
311113811
578615301
70368169
902453407
251022258
335607065
326047871
-41133368
-48770332
608701883
-950690476
450218723
-467511998
-94727866
504219784
354506491
-469266420
-937477560
255378918
-421021564
859838802
928795400
-322954084
-165479779
-591368765
109219421
113678833
-48270727
653152524
-145609991
794887064
950041213
406889618
-146024024
-848164808
-818087104
-55238698
-924171604
-441583512
337693620
-444314142
-728252622
977002298
-419001398
-896554166
206781280
-217308163
-979635250
-947508310
-312231340
517974361
-543832564
623759448
-215181459
-70140696
841737010
423726056
321645799
-581931857
-192993659
154878253
-981653134
-900133664
987561816
-967581937
-888073932
-630089516
781295604
-70717007
47796062
878474937
576723936
20848978
-452469093
-332151034
-374806960
-667561357
800004672
-374396202
-635633551
703184999
131248651
271061396
-907901157
-544842601
-20858307
199630752
-887639145
-130464373
582305232
-785204822
-222283514
716679443
-739686398
538897120
134404405
390075923
72287734
958405825
-33713091
-113201107
-66793196
526771755
-967567677
528802455
-234327592
-455022174
982193735
-927966713
443180938
-980027735
-85343277
-999645265
-261990486
753057407
-843509280
-900096315
-745474154
-893625261
83960013
950835494
-786347406
-459335717
-323427131
-109331665
-765316338
939474149
-628630638
399087265
-266063814
220830658
849594871
488464380
462626933
123484728
-43856923
-351538835
-324470536
600576335
-757617373
941259634
289832324
845097465
-276808097
489117574
-553105121
-504404025
841878758
-771001622
-475653386
592291854
132742767
-95894212
405089888
167417613
-374267096
930027046
-704097330
-186612406
-782378637
-464735311
-517060572
-368838593
-311818447
-486998014
485721456
-743747110
-38255449
-955488195
-230700184
-51625797
978567709
-505248136
-340663284
312895129
-492276020
845363773
187703568
-757366178
593231369
949658503
-169314904
89367253
-832299755
-524018826
422437724
753731977
-160459843
-138627372
-445899323
-761371292
711515497
416224397
397660390
466249101
286924620
789327544
949112325
-369039982
109418207
707761273
105773725
-217084487
-678081818
-986731660
-237979366
924427327
706734310
67716923
147704009
477708008
588610790
-922668819
336177453
693912257
-348164732
-774581126
-474762264
743490011
-79339027
-726986623
205194036
626620491
-551931381
134478391
-107951043
547420178
434571524
-239295727
933189853
-761178262
492718617
754074425
-213785401
805217755
-28247040
-821065960
-855780902
-875481455
-723694905
391232924
329458338
-863192809
-814196057
-299795388
-93214577
-108600474
-962854562
138397487
266922114
917350633
380813708
898940119
630638502
-17786732
56285857
-545872053
866327855
-585681094
-101492480
569763566
74568247
575119672
-636923789
-310244097
29460734
6205557
997325920
777561256
-523585096
694043165
291524403
-710316735
-299035439
224628891
-817019319
296399530
268000594
-721846410
-917150374
486999566
200339546
-979846253
-784985884
829842024
-763369408
844262756
-801371152
595954417
-722239559
883601813
-16704113
-429356575
851343638
-1554340
258962927
-530355270
186923209
-938780360
-826695909
909746705
621096614
100049150
555069447
244555527
436498188
992587984
289715777
723908708
-421569154
156745258
764189536
-280663842
-637693780
-602917631
773538428
