92890
14275
71185
19642
16765
37536
89381
67362
85499
7002
99927
3642
21969
6391
56952
69133
57795
10450
42090
86098
24446
56584
62320
37532
66526
5984
51277
24861
21787
8642
84142
58043
77541
83560
90921
17819
88343
10788
41419
19571
43799
26492
51296
49943
50282
65156
64563
99973
15151
54793
79289
36426
46636
1140
79090
53937
60972
61866
91597
21184
30504
13326
87370
19786
8022
86252
39263
30379
71920
60281
68965
30862
31331
97341
27316
31242
1067
17017
56764
72162
95267
489
43943
27549
1098
84503
38814
59716
66068
73686
74758
45118
62128
62339
37781
31082
29389
96149
93140
38971
79778
37217
11721
66508
92599
21581
60512
63932
50917
73738
5723
43061
15591
79194
25736
43898
2240
67006
341
13327
56902
65475
28030
72892
39518
81523
18169
9610
57081
48438
12861
91996
85298
64015
61872
94666
14983
10250
33696
70578
35479
65330
52161
82463
4248
96312
85505
16391
17970
20225
78558
36136
63318
93630
56059
51930
88775
87837
16568
68895
14645
71926
13108
30944
84625
82816
70679
91566
14454
57169
71347
8382
41533
46941
49913
21127
9707
82562
70162
1678
48713
85376
51465
66082
73564
46513
41192
40170
37809
3
16864
32265
13527
85808
61258
74875
79429
3500
14062
20147
1167
79824
62558
61111
69873
4056
4689
76898
71261
84316
26134
9133
74955
35411
56950
658
53204
76396
33890
98413
6508
37860
83742
50937
49037
94676
53364
66576
6081
28474
57195
33150
26243
12906
61791
96545
32790
41674
91636
49770
38953
45439
35866
66705
48786
30196
56465
2920
4363
81532
3823
73023
68890
21970
65933
85893
27788
54815
99789
69963
99041
40134
25890
43224
9208
12315
22743
35914
97275
61101
62175
26747
35603
80322
69540
71856
26275
53739
49522
95386
23072
80970
47008
46376
53580
7811
92530
25518
81884
30156
17425
47959
34982
67276
54706
6887
68445
38403
76375
79094
75054
61816
68281
40112
54420
98330
6142
33648
21663
65801
58794
94374
39065
51472
80068
3780
92870
95735
85057
28594
79328
5480
19653
83228
28569
8212
28376
53270
88015
21668
73406
90654
65897
20840
28598
73249
34853
55619
5536
34766
37173
69733
26276
49200
41606
25680
22712
93754
31240
38227
4552
32630
14509
35823
53162
66144
25181
73496
68208
68720
80294
98479
37392
99941
72995
7000
92560
95297
83633
65422
10139
60048
72668
4553
82322
12112
2502
71917
34797
39128
9771
86351
37630
70000
22519
43034
49981
62891
78225
88622
65894
24152
39819
68655
45037
1047
89164
75747
34847
81264
56837
13989
39300
71781
47030
63326
72569
98885
9654
74366
86964
74740
94161
80357
57552
52902
93461
44319
85531
23088
89618
24562
49453
90100
61029
73556
95797
19370
77470
24527
83829
50904
97152
65804
43577
32239
4281
1325
43795
28745
50903
73820
10163
63884
44448
79708
12350
46924
50202
99194
17669
5573
45951
37665
30955
48670
52628
67719
746
99431
40167
92106
97710
52605
58472
35132
28584
4295
2989
29192
51761
28158
16835
97638
69104
27006
56403
24998
83606
34301
65137
47741
74507
33299
60294
20092
70931
9673
98827
78597
83546
21858
60843
60232
55316
88026
99760
57287
53632
26258
22639
69207
8478
4750
36904
11050
62697
24569
44918
41586
9376
94271
77577
87856
86720
85129
88690
63249
76693
65272
81282
65128
7725
48820
51294
13809
7712
42037
62612
14819
97940
87849
80687
2236
61368
95859
39543
40237
89904
73149
66382
7309
37207
54050
35379
47265
72740
48346
50466
85272
12459
84781
66720
62403
40531
47541
16982
24479
84818
68754
55685
92784
41100
47842
14860
79684
55689
67036
65370
30624
59147
17584
96443
88380
79638
12995
32865
88796
39363
84419
61194
52052
43091
44266
98911
88115
92154
31220
32072
12499
92470
90039
53992
31420
18660
68519
22355
976
66119
3200
7964
96108
93175
92708
57056
68432
78264
90309
32036
53844
44916
30457
43213
38124
75535
98806
11709
54951
71912
69781
52876
8595
37348
92115
4667
4536
92917
359
97965
13495
69310
63665
29255
22755
51282
36803
79444
54650
59055
61053
7880
10157
23472
58410
65845
68425
89075
82639
52973
49881
90565
23375
58291
95136
44850
95570
47872
25864
37080
81237
53385
15784
58709
71652
92292
86460
75374
92060
40300
81560
92297
15586
21526
12390
18990
31351
95306
68914
36462
41031
21846
92314
19425
10096
76658
27386
86763
4681
13778
83613
86502
84539
46253
15666
98797
15721
56473
80170
36737
40741
51637
91269
78302
87326
17387
79710
23482
2381
52
17659
6615
28173
90070
15125
5013
94712
69086
45339
75296
58152
45374
25568
63492
4182
29260
69013
40990
99513
99000
57267
48902
72167
25253
66051
34548
13834
97246
90616
95540
70630
7661
48678
61763
11407
30549
79905
16267
97575
29300
84278
98613
84284
32505
91279
83706
38683
49892
46016
34105
82684
46673
31041
18350
77558
40072
55899
78531
53096
86245
41451
47955
27072
80550
85855
7455
34419
21715
17040
39450
18904
40629
24200
78159
42133
1903
46144
85617
8523
85687
91458
75681
16221
13346
62075
62251
46492
75453
86734
23774
9620
47747
59521
78043
81187
84973
3313
66836
62045
14353
74863
75895
83413
84178
22612
35713
5886
33308
49768
51963
8822
6470
62507
37539
89288
58212
88927
18339
89566
5406
84874
46225
15913
97731
30704
8828
12626
77401
93664
23678
97165
41215
3340
93129
55964
24582
93255
34351
11208
61089
8701
8238
19420
93392
5906
80866
69721
17362
34725
45797
25057
36509
81948
3113
44629
39493
96405
99064
18270
52735
96062
97221
83343
68282
38151
51809
7504
3801
77594
81763
11812
58129
66251
76936
11284
40026
53906
97800
94840
98017
12080
61496
65957
98963
39408
44925
67649
97056
68059
19601
79624
79495
41744
50115
86348
99918
66028
89768
59533
45919
9070
85093
6681
44933
77591
70400
56087
44013
72068
89721
35333
15713
39391
8264
85328
34486
71985
42302
99223
23349
92716
58327
71453
25693
72604
11413
82891
92572
81292
61939
68457
56342
23994
22709
98030
52705
43703
56678
63568
26337
2643
29996
33389
30658
15149
41772
72230
76357
95175
22070
7776
62719
43301
90728
24777
44826
43739
76433
30976
34675
99306
95573
68055
92342
34484
60079
74808
8634
59455
65477
2116
72134
86885
35084
35176
24843
71667
34194
43668
97036
21213
14772
62340
34078
31015
16625
67258
50454
86821
93846
76910
96855
42633
94158
43059
58514
51961
96045
73788
66496
54170
50869
27496
27075
10758
67601
87180
82178
83961
9004
44648
86454
96851
9134
92751
18086
36771
63650
8354
38059
32174
29857
55657
3986
76335
51968
74154
83063
31263
33432
28694
78573
61657
72702
82402
20671
7531
79013
19901
85183
18187
11353
65222
79012
19959
48480
58193
1685
43531
1973
52635
19433
82630
70072
14996
55366
30566
68008
94456
85058
1624
32826
82107
54725
46812
67512
98715
67663
842
12157
10019
95852
45260
86024
17971
34608
13773
56516
52042
81377
22792
1808
47824
48192
71405
21246
18117
24201
37372
10955
4827
15016
21967
8100
42356
59164
70860
42427
64218
3866
38809
68904
78275
21833
83780
4767
17732
82106
68141
36869
43803
26991
94602
27879
70546
64782
30905
86956
68092
42584
59905
82851
61009
96910
1449
6633
75560
32602
55699
63688
14441
47508
21601
57311
87740
69343
89553
59632
20597
16457
24703
95005
96696
16059
28939
32926
43064
21153
75667
22666
3042
92940
67706
35631
7041
86445
36723
65877
99488
439
26706
79922
53936
97266
7032
82245
27163
90320
56919
97827
20149
48061
276
52457
58475
10015
71175
38574
23750
16058
13898
59734
33933
16021
22220
71281
66228
75339
78675
11920
2276
7527
12766
81713
32574
21575
25841
96686
5235
17856
4525
7601
8988
97531
81277
34193
3052
82881
79917
95941
11755
84714
74790
18812
99866
61549
99660
11742
27106
62567
18240
46889
71372
89654
49672
59477
1573
9940
86311
7735
54651
86589
66535
86195
37243
37697
53277
90856
57310
1675
22461
21392
49055
3410
40274
89722
7199
41990
19100
30350
78005
60918
43493
69952
57755
78083
93104
65225
90954
52080
69360
87301
85353
2615
63346
37415
13644
12753
78126
17720
4376
41267
32013
39342
15763
77895
27945
69857
30997
54342
4726
5742
48941
91868
93307
91626
56053
82105
45671
88337
1855
38366
63821
97612
22509
32226
85689
54468
17936
61735
34033
35880
9942
49862
13138
20632
50264
70344
95256
95646
23647
67972
66559
89289
54887
86517
58412
42829
63410
55616
18264
65354
82761
83337
16680
55626
62833
46189
31624
29792
39333
71549
64481
94440
98377
95216
98436
94667
43589
15830
14528
58863
80086
98582
38130
46505
3019
77653
47611
83291
29581
71990
93167
48338
6647
52069
84769
52977
77185
53871
98383
66817
15541
14149
49894
98877
45321
66922
57418
25582
71046
73365
65221
10973
80245
76277
15193
16823
68142
19120
21736
25957
83511
46030
65347
72534
45581
59636
50372
16687
31068
80898
8720
43490
68562
81426
27109
89771
84082
49078
18153
3968
12205
93019
77894
17370
43021
28587
42852
20384
42592
7091
98369
63873
55549
51581
61894
47206
89181
68136
2715
34694
472
49460
111
19439
60668
36870
62053
41006
94889
49996
29109
32214
42249
98771
59537
22391
71308
1882
51481
32225
79644
25106
16581
40714
14623
885
91729
55600
14177
96398
8078
47886
5503
7426
83253
43500
96720
62622
70141
99648
71413
59668
9363
96451
39299
25013
77674
92580
36283
93097
84461
98602
84723
43051
65818
92189
76161
40888
68981
98906
72791
41039
32724
53019
16577
59363
90420
86892
35820
9997
71213
84077
96887
27451
83372
85169
74961
43981
29824
81244
43951
18704
5663
54780
67636
91613
99978
71798
53473
87703
3969
93762
85592
21313
66695
22673
94131
82080
33631
31224
18478
30678
28096
16152
92399
48586
50358
22864
98155
63554
38034
31349
94118
46662
46852
16599
74203
45377
65273
14399
6452
43928
59902
4532
36517
44224
52477
91067
95207
5118
55993
9817
93727
26453
44346
98512
11086
90865
68711
55203
55602
35745
10707
87317
12042
71609
15038
4120
21255
80056
82077
79434
34799
53167
65293
26517
90290
1002
90747
4323
50088
88052
44251
37780
38473
87235
84761
41634
29896
33302
27104
38205
52047
67671
53312
71349
69144
35213
20694
76193
67287
88601
8117
15136
96782
37560
94345
95468
34090
97598
53892
17807
92227
31717
25970
31058
58804
27073
89459
69426
18999
25811
66416
26628
62245
40339
45075
67041
70306
72055
67990
69794
93376
15801
60112
50508
80198
53839
6966
71439
10641
74498
25984
4792
12717
32761
56315
26051
78670
58290
57907
59622
56898
92547
69883
73526
20094
31768
27068
58237
36334
67407
11673
29779
63322
6510
29564
68035
35039
29768
84233
57365
73739
98863
69668
33541
46344
70657
37728
18237
72375
88788
67
73091
5730
55845
56218
18915
80853
21476
4404
12643
81788
2039
34355
61547
92676
19529
636
60097
53542
22311
72865
11217
35899
44921
44903
766
29529
41767
24153
72082
64168
7633
18194
96501
94423
55710
16540
91263
56772
28384
1994
3346
48743
23360
2613
24775
66409
33900
28267
26972
67170
26521
79651
1040
75239
32118
77531
97452
4073
99711
17118
14826
50391
5125
23583
97964
38947
29999
45163
36377
61818
73822
80564
34307
91921
58488
89358
43412
71634
94962
7540
90577
82270
10340
79963
64781
12475
58740
50017
6461
64807
60128
93643
83898
88734
70163
41886
67733
37564
53989
12415
77438
3653
52779
31187
9937
4471
92664
95884
64128
10824
8686
62922
5008
38821
19561
71805
76146
10312
82880
1605
28941
59963
14503
65301
46534
60236
74793
9165
57967
31462
46919
60311
29407
32313
81463
49803
96550
89443
29927
99056
21329
31859
45220
20277
39873
98419
37725
6574
93003
73527
22057
96389
98453
43464
91570
81705
56875
40889
85693
76714
13446
74231
4654
8348
32316
26152
13124
98172
51680
3285
9616
65924
50445
7476
67948
63773
6477
16788
89608
41688
3398
18290
69197
81280
49476
59504
31026
19121
33195
12832
88020
48526
39432
41292
31051
8226
80987
82670
79681
26862
64978
39861
13744
74713
74006
13289
19178
86201
93829
72012
44461
51676
25470
57396
86363
38381
60672
6662
41510
86856
81617
63126
69258
20508
70467
70447
21066
50999
80825
79332
37357
52599
39327
47822
689
73350
68657
59083
23117
36179
5375
38888
79550
54220
9050
40354
19623
90377
19444
14308
39710
35126
80655
87943
14557
99666
55911
37636
18525
7802
76766
95455
37511
52953
82150
77124
45832
75526
95298
45558
16981
27982
44196
33476
35566
44808
31851
95864
30065
45759
38949
68846
75015
37591
19616
17420
29465
50517
93873
29411
43711
51238
8582
83092
2549
73346
30979
84743
51464
33723
68552
69064
67465
23365
34320
807
58602
96757
10786
31817
29244
73208
58040
87399
37015
77208
32857
21327
26886
96861
41379
9982
15615
46185
90872
9717
80432
61988
24570
5670
21525
84767
74281
94413
87769
95896
35380
97766
32959
35819
5144
89441
6433
97245
41598
76867
91720
37087
61490
95850
97757
77079
51153
22692
35466
57538
80466
50784
82690
11646
62492
79125
90722
69163
41803
33526
3388
86126
20561
11179
27224
27696
55245
26494
22113
77485
64790
88778
8926
45303
68360
72187
75983
89250
72309
17462
42759
19342
73423
20380
57325
51364
45238
56489
13632
50782
58006
91653
33788
30482
5587
61005
76033
84446
83241
65797
70410
51892
49192
72331
1074
28269
33042
95970
23004
83339
62271
6378
30376
77629
52305
24292
89741
82795
98493
43543
52029
98152
52403
61227
55923
49231
77303
24279
87509
26415
25784
88106
58015
39354
76181
47509
75727
23668
83508
64317
35973
45219
36324
12145
13019
71076
97470
65721
58690
16488
63859
88418
18012
37142
48724
4646
59207
33901
95695
47249
70692
17787
31127
88076
33387
64144
79767
93312
71642
62451
68444
37390
49205
25703
58380
7939
57424
90335
66753
66801
82418
23518
94154
56434
19358
11626
96876
5982
86944
89633
62137
58948
96517
45631
1303
8731
39723
63499
99500
42628
96466
18701
60001
22716
53219
29222
95354
28339
98487
22721
9079
87977
77723
17643
18283
76219
22950
77468
28698
26763
10679
76355
96390
19956
49175
33112
82525
75771
56375
48256
82820
81729
11097
14369
78715
54747
25306
11359
91672
2063
62808
76865
90183
17492
43241
32922
74969
98472
37301
62239
16648
14848
7849
78426
87295
65766
93488
35252
44458
95839
52538
17795
46137
45909
51890
54232
95506
77704
4085
17563
25378
73293
24838
61361
7769
82258
39751
97073
41796
86285
86536
11124
2717
91307
46946
4270
90004
25721
1613
89044
21872
93490
70913
28955
24466
64741
83533
68477
72254
27518
9059
59071
10748
87118
95135
85176
26007
40878
46240
75355
58732
67841
9738
5141
61922
12564
23024
37065
23321
76215
32132
80184
93178
36439
89738
71378
74935
39474
65109
24048
11018
51175
60113
56435
71698
68774
52793
31296
1909
88074
23200
14106
31991
18164
68701
37922
44128
92922
43036
33225
52542
11459
86344
37784
3658
97262
25329
10539
27192
18974
2938
12785
72099
82261
8368
25731
53136
26906
4439
4324
56724
92278
47522
96447
19948
72305
1013
10000
65838
38149
7525
42683
91079
65063
65180
85062
69579
68862
8189
12438
62136
75444
66590
69997
21007
14117
36093
77822
42972
25965
59722
95173
3235
98244
68479
51357
44322
22075
29188
16218
83364
17002
49337
30245
46003
87098
50344
67374
44058
92846
82699
41402
78686
34272
92224
14569
38093
79265
53002
69778
86392
47880
88521
8739
93946
89003
17320
99258
97248
59833
42334
48501
73511
97207
16325
70061
86992
2574
33567
720
17914
59219
63891
98
63231
418
54735
44620
59510
85990
11414
31522
12919
64282
31167
42306
90369
65478
93065
74982
54302
80291
19654
17723
28345
11550
69232
73700
92995
36792
19802
87092
63308
35130
26084
85960
95247
52952
98502
89792
68188
39437
20146
41110
17103
20626
54200
52844
94841
69263
17503
62453
63699
58014
29740
22031
23546
66653
66451
92427
28534
65184
12440
51754
24984
91018
87352
89880
65590
40987
64161
41804
60935
26116
8789
31521
57321
16317
33361
79394
4332
81365
38446
97413
61616
26055
28383
52621
49714
14989
28279
86649
61522
85326
77200
19074
19050
48057
19104
46267
79166
30869
18055
43337
23687
45430
8897
29941
2792
5557
50432
72817
58639
29586
6182
63258
23293
23204
35247
65851
56279
86371
57176
13620
8218
50150
39840
79871
16032
62012
1901
74656
21923
48775
15967
62054
61137
90449
34341
84884
40477
66779
57778
85835
97117
4066
4272
12792
54374
18739
66596
66899
67735
15332
73452
71137
5051
24353
77300
68831
26857
74663
83750
32367
67421
11334
31350
18737
96863
20393
92313
67481
17025
85793
81100
42995
68651
21094
70320
90733
71556
15786
95400
48998
36261
94533
53698
54698
39806
17443
56056
14960
18260
26480
41556
68333
61846
51054
34710
91167
16156
41829
77904
64408
24601
36714
88066
51973
55134
40244
68551
66500
84048
95469
48514
95176
34447
53560
1532
27210
10022
73096
55833
81226
47533
8542
84121
9316
69945
61613
85146
76015
73800
1915
53489
75947
70979
70013
92738
56739
83048
88983
98345
30291
72423
7190
43732
74620
32863
73259
35629
4169
60851
66030
81796
29890
50872
93690
17415
57157
33687
51976
30401
5843
44782
35096
93427
11969
84952
87651
36656
1266
99399
71505
4899
44672
42443
62202
83002
39264
31317
92502
46491
97774
66328
73963
66820
94959
61042
11287
47877
63394
3734
6980
36376
41682
7322
34926
37076
46562
96460
19078
67412
61282
83910
89061
27456
24075
27406
63662
86402
31913
87252
98824
34051
65964
15668
57429
97188
13111
61121
80430
97617
29149
40548
14832
73988
52639
3811
72469
37696
19363
97101
56441
34737
36885
48525
71427
64833
77318
69786
73568
50267
69596
29852
73057
49389
27693
73500
77940
66538
68610
54385
782
23161
65121
56133
30735
23991
57039
8361
37345
40111
43974
28887
35591
34247
3840
42339
20754
79717
75459
36308
74070
89165
92336
72555
54892
23833
82555
9345
84301
63731
65895
40907
64598
389
2037
26777
27580
50933
444
67960
54911
40674
36748
24194
90724
44814
82048
26528
56168
77919
90940
6097
78997
86165
46263
82246
79263
4659
27771
9025
98444
16744
68159
85975
28170
35404
42524
82041
86429
18803
15664
63056
50455
48616
78522
42481
76694
33066
83785
50101
66904
98071
80694
42834
46908
56893
80707
84385
91795
36191
11053
57209
27967
25661
28422
96529
72004
65064
54656
36239
30402
9121
57673
74402
51863
46231
81673
73074
37972
62208
7246
12328
1739
11366
34077
91488
54736
86887
23264
81491
98734
76541
60154
91280
41042
73756
32793
73478
48748
98273
96359
57377
74930
80850
63581
55766
40481
59416
94222
91259
15878
7386
80235
60479
30583
89986
79919
39390
74736
14543
84632
15225
64836
51545
80458
88053
96516
35602
8679
96899
35901
23458
7100
23126
85784
30983
26495
13998
1173
14636
42807
34971
82086
84862
56716
2919
29574
66637
43370
59233
65183
55585
84863
73434
78837
71275
79496
27471
35883
11857
69553
75482
65087
41889
5687
39622
47702
9072
58700
81455
85738
92985
40501
77420
18570
38547
96891
81806
57420
15037
74958
30096
449
70655
69366
85238
77399
37006
97640
69813
29294
50013
61831
20017
2820
87729
82255
51827
32512
94563
75232
45178
9100
70191
66241
23040
24528
76682
76695
41169
9589
88022
96907
68802
30116
96432
5282
80365
71369
70343
52847
63875
56721
74471
51845
9633
45605
2514
52760
90970
21727
87950
1852
63584
6741
88347
88257
34643
8017
77341
25250
31795
69172
86390
79366
71003
8943
20355
62630
21231
86473
35056
23699
22836
73030
22761
9782
45960
72289
56985
92448
7378
63737
23103
96991
215
67409
80506
75808
31427
57203
47142
33735
89569
5828
81550
3963
89277
72452
28980
86784
85824
56289
76177
90542
13400
43937
99831
64524
70951
38270
67829
55356
6435
88501
7375
50108
74616
99912
88497
21451
6998
15176
87948
58117
68311
15608
54600
33341
9901
73372
1443
64495
13956
32249
68162
66920
23900
84490
36658
57355
88766
69791
58159
98032
83137
55728
42394
4033
5147
34038
38370
14906
65450
72637
21010
47503
37041
62167
34522
31712
75528
61463
5163
42821
53183
62441
37736
61454
90220
38010
4677
79093
32482
65127
61629
50849
34811
84434
72608
36763
83327
924
4779
13291
7285
10454
51125
60055
48886
98338
23340
12815
4861
78856
15395
63785
89791
88578
29553
51236
13003
63501
45666
1690
84917
51906
68196
42848
27346
52386
11805
66478
58402
43492
26827
84255
11273
93132
5525
42389
34852
63310
23835
48805
98886
13810
63335
47345
48452
89139
10319
80140
98557
23600
76378
88354
38523
25706
22764
22363
8802
25963
91982
15174
8838
27252
1485
1218
13551
47651
53856
41081
34239
92133
32285
3476
50266
7659
99166
76477
80728
10951
34685
37196
62194
3716
60270
47538
89623
99892
8520
3065
16998
99685
85747
27327
97910
89973
68443
49571
47214
80004
86662
75114
93241
18576
60494
46426
12709
41706
39928
28663
3724
93043
93843
90468
67490
58092
48541
15971
90056
8092
4475
70025
73257
79320
99561
46549
25055
42322
52718
30017
34534
66878
76055
72695
63745
83170
33485
13950
67094
49670
76302
17606
40809
44875
89232
66608
85029
71260
21646
75695
34796
18274
85382
81771
29637
80574
76941
40398
10840
38345
23612
76580
7468
73291
32073
40011
86806
5393
57735
73911
32247
83461
58398
27960
13912
29932
3842
1829
52798
37460
99621
30295
13523
54343
8403
45440
6693
68937
73426
95011
89669
39773
74508
4196
45789
60193
76840
71896
24021
88645
28977
50006
78189
17169
29446
44063
1131
79479
11460
52049
64918
26918
91753
48045
50711
37739
71293
49573
42878
63324
91350
27550
36004
46912
35136
80061
15453
92306
51586
60710
57233
1700
8337
29967
53427
36639
5110
15401
41736
29023
96934
60565
32407
33113
12865
23234
15988
50745
37506
19421
19084
82125
46913
4266
80400
7705
57232
5589
45300
41352
67091
44651
78366
23049
97240
71174
44254
3221
40035
54616
38618
5855
32453
79086
24238
83311
44774
56710
13567
47567
66812
13272
36478
55601
45886
74117
70407
71685
37777
66824
32325
83861
37021
44566
95084
4409
57395
42884
59120
27008
8173
87159
68480
59544
90332
89225
39932
9404
90202
91788
33378
73085
92693
82188
7184
94390
15766
95639
29883
13857
25999
78170
55563
900
73951
9829
25588
32916
40719
5529
29049
4762
14110
55596
35111
67843
22683
12480
37378
10261
9084
11177
94786
14504
76407
99025
10719
76216
10323
68040
47921
29984
22446
98387
20821
20908
48830
26223
65258
91893
5253
10775
95362
45222
1146
59239
59931
70376
5142
38100
40288
38359
98053
18688
43479
89314
67534
38570
64318
49702
74690
51193
28386
78228
16372
11949
78968
19999
75449
20518
17556
96191
3138
74268
13286
67532
31918
47074
19733
22837
70153
80164
31752
77432
47892
16453
16541
35414
59695
52879
13043
66727
28757
13099
60355
7818
81003
29072
45345
94698
50677
20372
96702
67310
67658
66516
58827
37919
16989
14554
87783
98199
88781
45309
7692
51672
9204
77537
24165
50186
92391
66657
24849
83938
75034
52682
46331
77217
55793
13150
10621
991
42503
47491
66614
19754
44111
12775
83052
97751
7862
85856
24124
29467
83795
6619
58272
504
79445
64971
66512
41992
34692
98216
54102
40715
80284
12012
73089
54365
57465
53279
60453
46067
38591
86976
73965
62072
47096
25401
85730
45099
74237
54332
22313
33282
91979
2852
59390
83234
51100
27712
57330
14789
37071
56273
63475
77174
89244
28572
41734
81711
23039
93736
76929
92263
94696
65218
47360
13995
47003
2533
30386
50539
29142
64924
81662
11825
50562
48461
42265
99519
77891
49989
29219
92068
98014
56450
97942
57299
21974
8495
47053
32613
69201
12428
96112
30718
30144
44242
74480
30702
66042
80019
79278
76733
71083
61594
18743
11442
19833
95546
29756
7011
21040
48372
37000
63413
78923
21223
80028
19938
97522
90923
91937
85013
86596
9831
74341
54487
65786
50431
85744
34264
21987
80046
92629
4951
28340
80518
21599
54602
91858
1134
83913
54021
58085
11990
57667
52447
99185
11033
60192
4621
49839
26667
8729
21386
48943
89291
52530
84171
33621
32967
52092
23653
56395
39395
47246
34829
37915
56474
7070
27218
34868
27662
47081
25479
18693
56987
14806
14352
41544
30636
12790
81853
74528
16344
26247
91196
35703
49919
10946
67562
24737
60800
5566
90972
50259
91757
78483
2062
87034
20654
60068
39138
73182
32100
48023
20739
32912
86144
62676
65648
97345
40540
61985
73558
50349
31113
32489
81045
74796
73072
30974
6347
49497
90899
10386
93119
65004
28462
30195
34748
63890
82757
25066
26790
50190
25781
78025
15962
56991
50321
70324
15779
31360
62124
4825
98998
21450
72648
41091
33141
26323
37223
54073
43886
57884
63507
33421
16739
97944
42411
95301
96597
48129
69568
42424
91302
62541
20900
9822
38052
81723
72822
17681
83792
51103
65039
66413
76411
98176
82608
80206
80996
35420
71051
85362
87062
72605
45913
60549
3219
27249
65872
9551
25801
2339
36020
47132
85198
74965
14770
11597
46194
47391
48829
20999
22122
77827
1892
55005
72646
80791
24977
24760
23207
10825
12802
8069
52133
8515
27426
87115
41912
80407
89362
70198
58979
57624
88244
6686
63589
24290
78639
83823
67012
60000
8886
70058
28454
33744
21773
71316
11887
78950
72438
2965
1631
77898
36163
7095
52151
17848
92382
62938
76809
27720
12608
4618
83456
27900
86353
18588
40164
70145
67500
72042
67464
76933
81891
79081
43145
60400
27819
58922
70595
78402
69081
29623
32925
70607
82103
79240
98117
2036
70261
84415
32832
90630
10144
24767
79810
87659
47826
39535
48205
55812
68272
77090
14401
99945
95379
15020
75505
5161
75689
45845
68268
33257
66537
31899
83686
663
51470
29535
88436
1555
76212
98754
69323
76048
70856
32426
36287
10892
24060
67033
70708
203
67130
42895
28138
52473
69977
58940
15755
71054
80329
96968
12394
83325
14515
58923
60049
72299
36525
75289
50208
55837
49174
53238
46043
90395
66080
77248
70580
81448
72
44551
58112
74172
69359
27434
93757
92537
94314
57520
89122
25295
45543
50061
96832
23357
44635
10128
83087
78463
74895
14366
15856
5023
78172
54186
98243
39559
42143
93136
14999
39745
88812
54682
85030
26802
10392
87562
33277
67981
47991
43452
53853
47002
57776
85584
92406
70413
43329
91231
76674
55046
65265
74545
67455
10181
27069
89299
77041
67280
67875
82146
4642
39149
55954
82154
14139
85580
52118
38563
89915
29791
87926
35150
3484
42379
18095
44380
64132
78460
92604
32676
80142
99925
1724
98239
82096
80956
51756
19317
83802
94524
4065
34041
97674
20054
38198
26540
11391
90021
74290
29229
13498
88591
56081
36608
15841
49096
38053
21
16598
48321
87513
94172
61559
6773
90934
93955
93320
79063
21790
88018
97928
44909
59374
18711
69302
10913
63013
22062
39956
77194
90675
69976
49765
38076
87167
16688
74215
1011
85783
74929
70165
4600
97299
66563
65782
61993
92138
21361
58815
29136
7252
22624
45942
95429
7345
11150
11511
57764
45373
36823
33995
99974
77775
76616
64422
84667
90995
17027
44740
63118
81919
36989
2702
39073
66821
35641
59942
70961
48576
11771
4696
16354
18675
67626
35072
16005
57636
23123
25964
51226
16703
88297
64000
63711
57410
48926
18181
77506
7277
11951
49279
76988
74235
17792
60533
9950
39485
15592
90475
90150
52652
80752
986
94644
79393
47109
86540
45025
89699
10287
37088
62576
5494
13305
85045
59084
3438
55759
35978
60290
68753
54179
27904
25627
82325
25716
36147
91341
83011
33679
59329
94983
24536
29218
36023
36493
67118
34861
79221
5718
81653
20287
47982
39498
83091
85841
83565
6494
32979
69598
48904
98783
55965
10099
41413
96985
9691
2188
11901
40737
44084
99379
94153
3618
90756
47674
63218
17230
62871
96257
68902
37660
89039
38439
92149
44871
80101
6189
12823
10447
29645
51198
44419
60007
90041
91978
81913
28961
46708
10764
13387
24576
90888
72117
96159
51333
3711
5383
75556
97313
59344
98839
31706
22730
13117
93663
55862
39722
29690
14969
77846
27146
43610
9943
7754
99272
94082
25505
51041
95956
79281
41658
76673
97162
2956
24652
10630
12461
20114
95664
22749
76586
17818
20971
44296
52223
26315
83892
74201
43199
74633
76857
93213
64756
60887
81456
50792
11041
4783
37003
29498
53639
79226
61645
13837
43322
18418
5372
22995
49855
20327
98993
84733
30025
94965
36789
15122
53912
11874
30879
80614
43426
54674
18863
35950
5779
45205
47583
68826
47337
88541
52921
96420
27737
49330
72583
53504
97576
82585
40999
64693
50255
34763
92997
10839
39890
33869
83630
89052
53463
70609
35322
81022
30959
2011
90595
20173
67072
48086
79287
21578
77810
95501
9359
11042
57654
78160
59702
57629
64003
51611
47512
62859
55213
79118
37128
68074
46632
32965
4586
31053
80598
89740
11313
96811
14176
54193
96895
82836
21515
16878
26408
95252
17808
68454
3157
1865
46332
91681
25147
69863
71010
47441
45308
74703
53852
43601
95673
21639
59861
42590
9391
49583
87995
40679
13829
19329
17650
70273
87110
39779
16705
22723
90714
28630
71572
73810
82911
40455
52139
66183
84062
79889
44049
13804
96563
1912
82981
92072
5358
71082
5799
67062
81006
54221
34897
30656
53269
73466
99459
43831
27731
43439
35429
19801
34126
46260
57162
61967
6710
70851
39727
97133
97509
43805
91539
57652
5020
11883
86650
53470
95820
4117
38771
7105
2000
30621
63777
43223
35179
30837
13717
92463
63057
86269
24932
45796
62640
1064
69384
52091
17532
43037
64694
31363
92054
44535
44138
92035
87800
36263
74227
84155
33350
37448
53449
61412
23998
83065
13665
4665
97970
62750
73971
70066
49552
22390
1975
62260
74597
50285
17833
74878
12770
29074
9337
81954
34142
84057
83
13923
63702
80054
23806
83712
87380
78370
51116
50708
79055
16246
8277
1016
2504
70225
69822
55489
98190
62950
39448
13143
60018
31426
33055
65401
74321
92673
42064
38777
44157
87461
10530
92666
42926
72215
57767
47673
81320
88678
64583
67391
6355
15250
76660
68489
84065
80022
45121
22259
46019
82043
56688
4591
78716
49206
62096
49949
77969
65406
80997
66477
18763
63844
74390
33782
75288
76237
17824
13295
37952
41869
42343
72424
94300
35070
31879
68758
88173
89748
1556
27095
87566
62026
71755
37500
98252
14173
1660
97714
62654
24529
86057
70196
36666
94726
60051
29893
47766
16751
80106
86896
99600
82149
86506
28113
1170
76311
88518
87898
65204
2517
50278
42960
65331
52535
10866
79733
81395
43946
81250
93531
78040
88527
68150
46380
35398
10406
7678
41613
22136
34026
90203
23571
2360
28807
89458
26677
32064
21419
63347
73492
94117
86952
93688
64135
20529
96162
44534
45540
72712
49655
62154
8892
43889
70834
84644
98770
35173
61339
39194
64561
76553
87676
9003
71979
46417
13994
19689
46932
29094
25411
10012
35877
43368
91308
42488
51000
91463
61863
68653
89670
6734
75400
49852
40660
6099
64085
44161
47114
30650
23136
51614
59082
4806
62080
46489
21678
35917
76883
88064
1190
45042
45884
63059
36234
43186
7615
99449
77344
24676
34189
58747
77773
74187
99554
13626
83425
76068
66886
76891
97871
26877
75227
77631
41964
28438
4660
17452
26284
71899
61411
66033
78110
49173
735
8032
51716
29039
26941
89285
92367
81870
82394
61310
6327
41819
27774
90088
50400
25728
32188
89323
10950
28059
26237
63928
96064
42137
6629
52638
68372
76109
60544
31459
8580
98548
53775
22954
85806
45885
44590
41193
34576
9434
40004
79882
19915
58429
80268
94152
20652
62627
30887
27325
72506
37785
21535
2296
96078
45851
21142
77165
84126
85519
12725
72692
57971
4027
97637
28257
99640
86904
73247
93027
548
63418
62604
42354
21617
37855
53909
77257
88961
3948
77080
24983
81519
55403
44146
18091
78407
72955
60481
74055
98256
79582
34530
9974
9855
29060
9039
23215
58017
41511
66617
14547
72364
85898
94865
46474
97614
96902
91616
83449
39889
27455
77317
28873
73736
10751
10024
54965
42458
1265
48853
33519
27421
11277
6808
49532
38283
42030
25774
12417
50497
71643
28829
73785
52026
44738
9841
96752
1742
88854
67544
91588
25119
79353
57625
40549
67672
62351
49031
14215
37747
10996
46570
11135
4415
2987
54314
30022
86133
87333
42061
82244
95701
17246
80552
2465
19997
26059
21262
82304
17117
81872
14822
8011
12468
26292
74322
9149
63949
89153
38447
73898
2848
95434
265
28475
81263
83405
33966
93972
28924
37381
63207
72410
33931
20093
93567
76260
68637
78692
60622
99693
61250
28015
14575
53125
67141
17053
78982
83707
23528
86014
5195
89836
20881
68403
85142
74038
89228
85392
97312
83866
49800
12294
8370
82130
42761
45751
6235
45767
47719
48579
91892
68557
19392
45462
30049
44098
87616
44684
19101
49563
69737
26760
15752
68331
30595
79158
30233
43554
21619
79104
8331
65146
69640
48169
10776
33301
6308
69291
26458
77768
106
15500
2065
51891
70623
35544
11918
10958
36691
99607
84146
50642
78746
92434
32473
1946
7506
46120
17399
25437
23028
81882
39950
64105
69760
4723
73412
51577
93072
29175
54202
872
46526
15844
52691
4524
88260
56319
91059
61086
7380
94720
92835
75028
51551
41
45251
73799
49517
6010
16490
85604
74659
73669
50041
65682
17654
52653
89106
57781
52707
9849
9859
11225
36692
50870
37432
37278
66648
26093
16070
90250
27776
28408
38428
62360
73090
52144
12071
84007
42077
67650
59719
22276
57045
59242
60847
38220
12884
2733
59087
60361
58782
52769
50735
47752
6064
99928
22738
45275
28681
22520
21228
93599
49147
52492
87678
93369
57554
34424
90784
79541
12569
36248
79987
74032
14796
65136
78550
63400
29291
59328
21056
89319
2548
24772
80503
84105
91454
48870
94080
44794
16810
63823
83362
84627
66734
55700
70867
32145
23684
78002
16918
80923
60169
21963
6128
63011
78731
98465
64177
64279
56314
26866
66205
65520
50658
58718
70202
40440
2939
41947
20206
89829
51326
89734
73166
26927
87479
42844
40293
55104
61502
22781
96246
19142
97993
43667
4672
70731
80064
13648
27882
16825
3251
75260
68076
43424
25381
29796
98331
78706
59460
88535
5657
3608
30865
76304
52359
68453
59235
24976
13257
42620
17624
85371
85384
83988
49145
14163
59897
30267
88070
65559
8725
66967
37939
60763
87299
85195
81628
30861
33273
8450
9784
91297
16251
68099
48274
87843
77431
32219
25273
14034
39084
12089
25152
7187
72143
27148
92636
7664
90432
86480
9017
84824
26077
21137
98059
98364
50660
77550
8541
1741
42889
97752
9452
95729
76893
18517
67826
41913
53684
86132
98858
53455
56227
79078
21479
23077
55866
57953
28654
98391
18548
7584
90672
44286
874
15745
1888
54071
82717
65284
53432
34140
15593
87253
43760
33841
30378
66329
89548
26835
94007
49817
79887
86069
45143
49905
60632
57077
64902
85077
58394
11552
75302
11187
92899
55305
26199
25592
12465
70309
28367
72460
72459
11502
93225
89179
97482
1414
5035
45388
94401
42853
56573
23235
40232
49293
94182
16299
26587
73677
26878
95409
45674
97031
26483
47487
70902
93099
18730
44446
22188
18064
66603
75998
63565
64936
78257
96615
95921
9917
14746
6356
6312
4995
9344
81042
54212
10490
67820
2431
78902
98633
58225
77952
77440
43781
29636
81704
92420
55859
71995
17014
6914
97971
90502
49844
58895
63670
73636
85289
50811
35677
32070
33242
92031
39660
43852
44502
38480
25577
34192
5564
20784
31074
64152
53379
43395
63307
45698
78710
18370
95321
23850
71835
93991
6728
44337
96023
74332
79639
9916
94089
21202
88305
88853
43480
31086
24692
66187
713
74
9409
15382
81604
76214
59478
594
82649
90476
26697
11044
94838
51224
5289
2160
56758
87300
45947
56789
56999
41661
32268
42515
66472
95725
70385
41978
82484
14382
60664
72888
24460
35297
72523
31635
56457
27515
23305
70661
65335
59908
58324
89624
60444
24526
11068
25104
19993
27157
81761
35529
50579
14984
29711
41425
33662
26600
8297
36422
61167
86019
13690
39212
63047
11845
56430
70915
39060
5846
28952
49259
36504
89336
21118
99737
83512
97601
40420
55656
43192
71919
1161
50049
57635
59369
22824
2528
28868
96013
93848
87758
20764
29733
27749
69373
46005
50117
25558
35387
74111
36553
64655
66343
86749
1179
13952
54423
70154
4437
77480
58457
14056
88733
40734
35240
80122
84536
23570
58487
47156
80433
3796
21073
29471
35546
46836
83058
3771
92566
35856
1731
8604
47255
81420
65501
48664
98520
61552
68972
4780
96704
24563
71612
59177
49299
89479
69402
86155
10361
98941
70314
22633
81848
76483
96791
17637
99046
56744
56777
5711
53686
40341
21866
1784
29670
99586
22042
11576
26448
36652
86220
29451
14520
46575
72432
86415
75887
76439
38766
39131
81649
41054
24502
36291
82111
16175
38685
49926
58059
12827
31586
84704
54672
94525
36276
80721
7304
1048
13828
88664
44905
72487
16698
90772
3750
7514
80999
66926
99565
84307
11425
21485
32286
51488
45935
5244
81602
6912
13032
65021
32082
89417
57437
78728
89838
41316
94746
36527
5665
6626
42027
54134
23696
84618
53058
94191
43975
15071
49024
57698
33444
50299
76856
91768
66361
11180
19593
20275
81694
7898
61118
22895
65106
87170
19428
53158
42543
18475
77057
98302
19308
16663
63703
98526
58302
4002
18754
52715
88314
85159
11777
17151
20962
81275
83542
7106
24695
56017
25710
87534
66689
78579
76011
46414
6593
32529
12989
80244
97539
69024
6063
51170
63540
60184
10061
29563
44074
43880
3470
26701
4448
93810
45376
24989
61764
39853
71064
53782
95430
63108
9523
97606
64820
73334
96499
77947
46700
83766
39994
33417
70855
97148
16306
30514
67267
56372
57643
85846
90423
42885
34236
8710
64074
72225
79630
95681
68949
41115
5105
44010
50505
6112
73348
85872
74792
69590
3947
43483
87661
99871
75780
33811
79623
48366
7264
31735
36757
78980
19259
98721
97690
72348
37384
9628
34458
79635
13876
93409
95822
99644
86212
24081
29344
36316
58562
76180
45130
41109
84226
12573
83674
57322
16056
69413
78485
62021
95493
67610
72894
18219
59800
75495
46818
43661
31874
64503
91959
99178
81418
48720
16940
33640
48581
32468
11024
11941
62334
33046
45144
68809
12467
2014
19061
21335
96121
14869
97874
88402
95553
39706
69676
84214
39056
14388
34477
37944
90817
68592
40312
91642
37740
8740
42850
50502
527
41837
70562
78386
96168
39121
64069
72241
44067
48465
27297
59590
72365
92989
31050
51489
54742
97728
75674
47685
17284
90295
83955
2887
43467
77242
6102
11849
31787
99408
88576
45634
21215
37717
58141
3623
71534
99020
35879
36269
5062
52556
28853
95742
22930
21913
60159
44198
88166
40230
95830
91109
70882
23985
28518
83575
1628
8253
72081
27972
76116
62476
83558
40413
21382
39451
26379
25270
97733
30960
49816
40191
53769
67371
44115
74478
40349
9970
58289
96537
53134
20058
39473
27319
18124
90020
55115
77565
56540
42207
43611
28234
89465
30811
3887
48917
88669
4918
67060
37783
14745
80285
20353
4373
3107
2588
37115
33400
65676
35299
96476
57227
41423
80314
81011
48296
37288
50483
17460
60770
67383
58884
30019
87987
79165
4456
41001
72479
99937
90362
74276
54711
51529
49546
82998
46242
40359
77017
41238
67669
48333
51989
13888
90063
71587
12139
31278
59340
82868
91946
33013
80114
23138
19131
46053
81953
42272
96515
32778
39151
15217
44611
15274
79589
31525
13205
91960
28568
82973
85010
26929
68392
34414
90554
52098
20790
393
4289
33981
33414
66656
83032
91730
48903
21956
77584
70957
53930
52750
90705
10734
48470
91894
222
97949
80615
30724
94857
39733
68388
93018
94201
76710
8140
90093
17214
36911
22318
2542
82460
53966
59552
88683
3385
34580
75465
57762
36834
69311
79058
76007
83871
10613
46096
19533
24183
96577
45287
42246
61900
25607
58978
1719
25191
51932
22691
47668
57397
38983
48876
5964
38610
68326
10224
53216
79272
25677
49528
64851
32116
79299
58525
9411
63578
88161
16071
76391
54565
99196
69377
3927
51406
85495
80149
72034
89024
40024
2999
99011
50165
81001
97646
39082
82216
4811
5409
87372
79946
10718
79470
57692
64802
41465
26394
16657
71239
38407
96883
52226
33031
38253
82067
1127
80989
54878
33849
15623
87584
97201
66936
51944
5596
31532
10627
65374
92544
62263
52469
54902
64257
73611
59813
6956
51446
33474
12347
38342
29201
15023
41212
19517
68048
36453
47312
66675
38290
83165
30139
1649
89803
70119
27078
6536
93621
75329
85090
29696
69895
31749
56940
54929
67543
75423
60455
37421
68932
70440
29191
59530
81371
54692
17476
78959
97149
22872
8759
85498
66359
56306
47041
12403
6129
61112
58461
52523
57974
76470
40360
30442
93002
37436
88298
19960
32608
66446
38494
98622
13563
19290
75739
32519
12933
43330
58351
31063
12917
71547
84549
66505
90762
25362
31292
27592
62270
78464
54334
50963
52602
36651
43712
64461
4882
12144
36618
47034
20062
30999
19336
51255
15211
87768
45834
36233
74993
69608
88700
17666
17534
59360
76904
28875
99971
485
4261
90107
36793
39049
79161
49469
24863
97264
8059
6890
78679
74265
23772
71489
4865
72670
4805
2433
97384
9229
55200
67077
12772
55247
47204
77038
50249
97888
61145
92028
35803
74763
20376
36510
29449
29532
63843
11611
907
85692
63074
88340
28651
25294
99778
89676
30323
56195
91064
10988
79704
50475
96519
40008
64751
10992
92597
90581
67089
95048
71866
5896
58440
73516
57826
37698
2732
21785
12044
70276
71516
29861
81055
88242
78157
66126
47788
16250
35729
49915
72121
39015
48431
97127
58856
9505
89789
91691
63752
18281
79611
45343
37641
29789
15645
79929
80781
8454
28959
86520
56055
46217
49327
38990
10311
65377
91423
50077
74490
4878
72218
62624
65539
25031
91184
88210
43073
23874
52162
47506
38122
23930
33746
5732
69707
43659
98804
86135
70861
83150
54098
92652
4579
2513
36995
51899
18173
59283
46373
26126
43890
93302
65483
32873
44693
42429
8371
87022
67608
14007
71186
57608
69224
32228
29308
76837
78761
46397
64014
18639
90276
31794
67246
3185
94269
95872
49938
28268
98668
84669
73758
214
64205
46971
15507
19658
73576
52651
44734
73519
90208
70080
12593
966
22011
60181
93389
65954
23479
20060
33649
69123
37723
20805
99360
30289
24108
38734
91365
98845
44763
35475
4924
86246
16347
12441
58011
90172
94203
55828
66660
41487
1998
95141
70369
46574
53815
25284
61777
3717
84438
74721
23480
97243
63576
71218
45349
59241
71636
87192
7658
38867
91916
17797
31060
24819
47223
40513
15888
72342
4052
61091
38586
819
92640
10379
9002
49722
32235
71045
15598
89575
48970
87586
50503
3126
2984
53418
20903
85335
51947
97929
94407
8359
65123
44981
3006
37778
55912
41395
66060
88884
94181
49697
41150
6672
10828
63883
88065
62097
89797
60416
50393
52406
43202
79338
79080
36980
62274
26538
83943
64471
71072
42803
3209
19563
83143
69966
66149
28162
66410
31751
13533
33932
49191
44603
59131
80295
99355
66587
52821
50607
61094
89152
19534
87234
89074
35737
90713
43383
94710
22570
27261
17402
40559
96271
46587
22675
88673
99568
18958
8791
60917
1646
50230
87033
56580
58449
40270
60551
17519
79723
66002
59433
92581
80516
19399
47513
70749
30990
15545
88461
33238
76423
85550
64557
2313
1650
42539
78255
70101
67508
42149
25658
81945
37798
6329
96740
25563
38699
72250
31910
55112
35755
67932
65100
47057
82918
37732
89087
99532
69754
5157
7143
29901
92351
66667
15165
42157
43840
56376
53168
71694
24520
97137
74219
59816
21350
76184
5680
36043
52767
76451
75107
31671
61798
67384
55658
48317
55319
2012
56961
33779
46282
75073
44877
45902
77383
5973
11104
57631
89427
66252
49516
67237
46514
38942
48080
9898
58469
18126
59907
36663
30654
33539
53396
75507
43157
3802
54272
89124
94402
67858
25409
51435
76680
30690
619
61747
93264
98784
42777
15639
32766
50821
90444
81472
49314
14433
13847
70779
47411
6487
20065
65459
54870
27304
25197
92305
93839
44880
11962
96111
81342
63975
85582
41430
76600
59972
92823
77140
98875
99351
21440
85464
26322
94704
52225
56602
4200
68434
71639
67129
7654
5610
7146
52466
3752
61909
97625
14801
60676
60335
18957
43193
78195
76751
17346
26500
41412
15008
76291
95383
2098
96957
38063
10267
41493
12613
25316
63944
50489
61942
44077
13494
90193
22902
59776
46308
14741
62867
90266
88407
99402
26450
88849
17625
50428
6339
59935
28209
30322
76585
458
60973
90380
67635
64818
53919
14539
57956
89660
58530
15880
5187
77953
63045
58344
80629
89580
1938
78332
95336
4227
30600
28159
68027
26195
39349
71234
36107
86843
17486
29729
63958
89464
27141
59294
50365
33570
76272
71371
87311
38450
51187
32026
83917
9604
54579
98588
76010
65414
80136
70764
35040
80750
70725
70037
67670
83476
97043
24735
96600
73422
89929
71991
9844
26911
5701
80185
62548
88169
96183
38118
65492
21360
11197
24006
32123
45536
32605
59470
15685
73629
11534
99604
39414
86054
16405
38822
90105
89876
77863
5444
62948
13350
74640
86446
6602
36519
12065
98517
92021
3775
51633
92776
22694
48409
45150
27928
89817
77361
72836
60574
67429
29035
42762
3375
37628
83573
83333
9930
81326
66813
80108
8913
58540
89754
66988
70592
89796
88901
10145
71464
87287
16008
57549
33675
69096
39595
3761
14932
49810
88444
95936
33153
51798
35658
23354
88772
84131
74900
9369
2908
78458
73927
22903
3896
32769
76555
60674
98242
80975
27786
28212
42475
66467
80324
53987
32434
41016
26065
25992
46609
77771
672
33665
35085
27714
50686
15796
93423
31101
58769
1600
94701
14073
96823
54451
70156
9323
68314
4880
55083
58146
85914
85448
49957
69345
64108
69040
80985
77388
71019
57173
92685
52318
13328
52495
96189
97303
96952
86659
49511
34780
61105
66226
73827
72048
35966
18874
96252
11411
34867
80684
89567
9283
90427
44640
4593
35374
41649
78799
94812
64299
56906
79714
5364
99269
74509
58381
15433
92856
3877
86630
20453
73808
37901
87071
86872
13356
11835
32850
35259
88865
61707
4461
39320
93938
8930
74285
14671
41828
29174
55392
82413
91378
60089
67352
34815
90796
69756
30211
13095
11746
56982
96834
28932
87864
98957
7255
86023
59142
19287
49659
8195
7484
67921
15923
33363
96877
17837
90108
49618
56596
30327
95711
47151
41681
833
25018
71663
65373
74019
87953
13452
46348
7233
36800
6084
92979
34687
75624
77747
99487
81155
63329
52352
59822
864
46925
78896
14170
37485
24936
33576
38936
60832
38837
87857
41840
23386
47871
87689
90652
64432
82522
54804
37401
23566
60786
79958
94615
5916
29709
93153
63089
15398
67770
44919
44003
34438
92077
35239
2466
18961
60202
97797
73826
40858
43740
87150
861
70706
55396
85752
34497
99217
3962
29639
63516
50045
6425
28501
32981
71426
39089
50803
89413
1053
33618
20166
6432
32649
45800
33246
89879
3996
99415
97172
70445
32326
82984
73168
87386
20066
32611
47294
4678
44764
63271
37578
33524
97269
45134
92881
28863
12041
98235
55462
23281
85535
3321
95782
27036
22359
29492
67334
7161
47789
13570
14938
8243
84988
1388
92413
18477
51554
68381
21168
46083
6316
25190
62087
91601
55843
5818
94240
51425
10132
72464
41893
15474
68921
41773
37893
81502
3813
87916
98382
58663
31512
61455
2770
75076
98427
15736
61421
82412
6436
59413
75537
63963
97094
64609
82231
83902
79604
83332
60545
25354
12357
56086
41880
99510
99230
49508
32653
36303
11613
37704
6903
45281
93115
64407
48982
56495
86316
79995
79839
95109
60889
40814
13543
60468
13846
39291
58909
16915
59244
71226
49157
75920
2584
36401
71001
15059
97291
27993
91510
29596
9276
75162
42588
25956
88014
81529
16165
18006
84895
73134
16633
19491
69630
25
41424
41206
82787
92009
10434
61516
69270
5411
56825
65885
84486
20990
59957
66180
3119
72026
4992
93482
18136
92573
19191
40318
25441
6107
85088
86694
20773
47574
94552
80842
83132
42680
90961
38672
34562
49689
26049
2197
92453
80978
79137
74564
5378
35385
97720
28437
66911
35794
67637
16100
48711
71660
31237
38937
45149
45458
97759
98311
93004
2991
64614
29115
98692
44702
37995
56661
84460
32216
75410
64094
27606
89083
60430
86715
86443
78587
15495
51069
60946
12611
31142
55688
11544
19093
97075
8116
51359
86087
69318
68859
65517
49176
32129
46550
28653
49081
16462
60865
61827
88890
64867
58563
66751
24674
19619
55732
96324
86817
41952
79670
98552
84788
17591
71080
71905
41862
5859
28798
86707
4542
69164
75936
35581
68207
79773
32584
83811
13433
36419
52408
42950
23329
496
5261
36778
67606
46760
79235
24041
83891
30057
63472
63555
54278
49763
21905
89364
67271
28368
46832
15518
10137
18355
17965
82519
9820
65988
64459
6519
36680
70763
15680
5647
41644
11405
46173
16418
39208
83877
25023
83077
72343
85900
51865
83537
64680
34873
84123
9972
7617
85765
25300
8362
62870
45864
10162
57712
27716
79863
65445
94227
43253
16536
34782
3485
42858
10928
16168
17248
62413
68969
27959
32317
66152
34282
12509
19115
92993
93337
42971
33138
87618
18119
96847
21735
73270
99994
18448
84722
1591
38575
78781
97860
48671
3431
74474
70
26340
61098
64961
59490
34591
25823
41660
40518
74516
3981
7845
55414
75940
69346
12506
6816
75917
16210
67380
69703
37263
72166
68502
54825
16996
9222
95082
29500
66968
87866
25048
47450
81574
68494
28001
58712
67111
81417
7371
16555
71110
7239
56778
189
84828
63783
36327
76529
9488
31958
80865
71249
91988
31391
62749
99946
16359
69089
38879
13444
33721
43872
66680
84636
70862
39997
30939
6013
86905
56849
27857
43524
32460
97591
3479
95399
44422
27225
57296
32918
15175
98105
49778
67396
39132
34536
30788
9793
18921
56386
14888
34859
84346
61016
72724
70649
7383
75140
38339
23745
16954
6447
77211
3818
5523
47004
12872
28926
95891
74911
25467
3190
42266
55326
15717
49918
25014
9984
20873
25553
66211
60778
28303
95802
55011
24134
80748
41513
27738
7675
78306
91759
92331
4662
48481
68854
70438
37487
22511
23294
36893
42018
74766
10868
10487
66390
7066
22221
21013
91980
60034
19114
45663
82164
46727
46044
62401
62381
61458
43049
25375
85817
97849
35668
71278
40031
86911
80939
50044
50796
50829
33609
81425
92033
76698
96124
48796
61048
87214
46791
91153
75789
96409
5858
60205
44014
59204
55296
97190
16041
89348
9009
95044
36581
29209
9764
81997
22827
4544
73919
26387
28249
79626
68943
21986
86009
53970
32682
27339
48049
87070
69861
57568
51028
79310
55663
58955
48960
73794
60992
63886
39113
40748
31833
73069
34433
75685
72666
80861
55054
77667
52834
11292
76665
53751
70803
25236
79450
77548
39821
14111
1952
21907
12405
82290
93193
15397
54172
21346
13677
89454
39322
21750
77258
97496
35726
37894
99242
81541
81709
99266
2679
61364
19182
2581
85951
20079
25349
96548
69167
26514
37120
10532
47496
68342
49791
36919
41583
21793
20203
75483
86503
36166
50132
75470
38073
18312
49645
38631
49
72823
24418
54971
95838
9455
84169
51544
83175
17114
39312
9180
24608
98141
49505
58139
93351
62644
71591
61676
1455
54680
34831
53472
94769
73400
21497
6829
95272
88122
82339
71968
67956
13917
50645
50769
38492
24587
32992
87316
49302
60246
73077
72754
40591
27789
22469
70471
24657
34951
29476
88764
7202
28751
49208
30349
56204
35324
89256
69119
48050
2283
51627
35151
59950
88703
41846
23816
16136
26225
79443
52458
12276
2448
93758
23757
15230
5713
1484
66891
17590
62793
5574
39288
2045
71394
79672
4675
27194
39954
95248
59166
73475
23467
92364
87795
94192
8171
58615
33346
16500
25844
51760
78744
36219
24222
39922
42461
74194
81564
37589
29069
33934
78236
89221
60249
9116
5344
7133
50837
1803
35049
95918
82697
45553
77509
3754
64956
11712
51855
48378
72515
4637
4906
60406
59174
23327
36120
77984
40074
16268
45501
46379
74697
61214
94259
95373
73720
77859
3826
49874
93789
63344
38728
92913
76121
76955
92886
32458
49227
29199
72316
56765
21976
79825
26131
17829
31010
38980
66630
94837
36888
60115
55324
18487
27017
19808
41377
83582
52593
50850
2322
30082
47531
77377
23828
24342
61268
82267
66606
44333
17098
39017
49345
12302
15060
61848
42656
16722
44311
93125
61031
31302
46124
78429
26403
26299
21566
59237
84101
27983
18441
44140
57484
49070
57582
10138
90123
12505
48182
59491
26694
31860
11323
95866
58458
23602
71777
13691
45489
15287
38962
45164
3736
48939
24391
87998
60189
94620
932
93732
11525
93964
23554
74938
33280
57966
14714
3572
62573
93937
95215
50554
42630
49240
12113
60555
61643
75143
29934
94298
48263
33175
69528
45241
18776
21074
54465
73512
36001
28993
28857
20134
31318
34023
20889
86462
56335
52928
64921
52111
3257
70358
9398
36588
26098
4921
79993
97168
68251
90780
86921
52308
8432
66407
47351
24016
48223
52304
29127
73731
92244
52435
4167
34345
61350
56417
63757
82962
77143
49317
37260
24322
22853
51090
42499
54188
59704
12122
38797
14688
77164
29829
76711
59148
1671
47064
84612
78873
33106
57106
45097
94178
62329
46683
3609
46813
49098
88094
73518
38134
16887
42538
97789
12846
74494
22078
84159
16898
49766
47094
9013
60582
28471
77439
35692
67415
67439
87781
31836
5305
83929
3116
79350
2496
73391
40324
26829
6746
67941
57361
74978
75933
37111
48295
18383
51486
32718
8993
39316
29327
37180
73142
52320
512
28239
18984
87343
1878
93676
13742
42766
5507
11560
54025
55952
95292
37953
56012
25845
34845
64758
67697
99930
43792
19957
14754
3710
48261
37505
97294
33251
51771
82866
10120
51755
91881
7709
14093
80222
92282
58789
15491
40926
81833
16114
24008
47138
35808
20909
90810
72014
78629
34723
51499
3516
95284
5836
20720
31677
58511
14881
39433
41917
79463
40967
46257
78803
54337
6679
20337
97604
94460
20301
57690
90874
427
64605
55002
71486
39705
63435
69449
25694
71388
7902
81858
32069
5205
368
10847
33706
92518
85318
42101
73537
92543
8139
85822
6031
32738
66297
51029
19054
60629
42459
38793
79349
23102
2158
9355
95925
70172
33288
34248
49500
74968
79713
58169
29472
98424
39034
17446
32421
61917
62443
23516
97898
18640
62027
60032
98460
33817
46051
18150
45765
31943
6282
7427
5611
54223
65119
98586
93602
99116
6705
2981
74559
93544
92389
97698
86031
41799
81996
7273
86158
30011
74625
9239
65647
68357
54301
92188
70693
22598
41635
98789
69267
12177
24296
74742
58057
4561
81104
94129
65650
89644
49331
50430
45166
86423
29538
6664
78626
84911
78936
55129
25913
40658
29497
13427
32876
87001
53969
49009
45862
77615
79311
69526
27019
94036
98953
77179
16212
70158
52125
1581
60721
1233
30359
65372
52295
59104
72783
16991
65237
57101
92748
88024
42072
1426
40624
55386
47421
27602
74680
31085
23777
76241
85854
11094
60421
48177
97427
49638
95876
69805
11295
78204
20462
77289
96343
60437
47591
43963
79237
64026
97234
17883
77250
30279
16090
86313
15053
79185
27001
50439
44743
31754
85843
94579
60303
68769
83517
14607
97554
46793
79249
72815
91592
77730
43773
30797
25158
24337
80306
60028
35041
28497
99168
74488
48562
32897
72451
16983
58183
26350
30551
43882
22575
5898
45336
96455
7545
13767
3333
3652
28699
81214
73689
52135
40618
30608
67126
34029
40817
12218
92955
96994
42420
41633
75413
26650
47154
83256
61312
29338
11438
49504
94251
95994
71017
56683
50593
88802
37617
64154
83756
41547
75408
6340
44087
82983
52313
48450
30294
81687
52172
2680
90754
34014
15580
46393
47843
14291
81099
96431
9388
81912
16793
13634
19674
92093
16004
60371
38507
36851
72196
63848
63506
52524
91197
89529
77083
35164
15289
98366
97085
72922
86242
3776
23867
85659
31209
19995
5789
31451
35734
97932
7814
56865
55649
32096
56136
13078
27285
46858
15330
8126
55805
12378
42439
83419
35468
9787
19841
32822
4060
896
60877
87080
37619
85901
22447
13625
26770
7348
55863
56916
95542
9089
82742
23580
2390
81665
81167
44580
37763
98225
10860
55256
21224
40467
31961
69004
38692
25529
91532
56625
78786
84586
64942
99324
74889
83397
38014
13556
90928
83317
44377
87763
47547
49244
26205
63822
35329
56941
48332
54084
90303
50504
10989
45647
11751
37170
28895
72996
17498
42036
46338
81587
47848
36675
65706
62385
2490
62189
17490
83403
83136
81592
38957
86769
79370
2894
83169
80988
27855
70964
54031
58937
61247
4611
77633
15662
31832
38490
40682
83815
64472
91489
90329
86128
11241
31396
80630
90022
6214
9729
91355
80635
71166
8616
6879
26329
44489
86071
36285
21003
61348
63771
88404
91968
98725
23763
34225
25431
1990
59359
67760
170
3332
95174
1354
10728
91750
8210
2893
41124
65076
89383
79220
67049
63001
23912
2705
918
78213
25396
24219
10853
13417
62868
58046
70684
74352
72403
38796
95812
14812
41593
22487
35998
52604
24877
49952
10769
20792
54040
11661
8167
27836
49005
28201
42028
22518
89524
67619
82028
14084
82534
82960
94265
83135
89329
30346
14643
32117
7374
49584
45682
95139
30568
1369
71365
701
72346
77980
20322
84481
14182
40769
66090
9127
10217
19738
33322
12549
33134
70729
12295
15660
78343
59752
87679
80666
3456
93144
93321
411
86228
71830
39520
13844
66337
70355
49701
34389
52215
36106
42765
80808
17885
91290
75322
77448
49168
5749
47562
91557
84122
7403
18411
14685
54622
48753
24661
10571
13036
39662
96749
72372
74874
64804
37664
23852
84883
88103
10770
70143
95023
98910
72453
11809
96967
30431
97708
24924
22702
87255
8353
45457
46139
65839
60472
11142
80773
28084
16435
68724
21104
73146
88845
33119
78308
72058
23179
10779
41680
40623
20135
5050
13318
27802
42789
19546
4100
24443
66842
94159
90300
73404
78620
32583
99316
6805
23373
31140
26014
15890
26892
63763
87986
74802
44467
76176
94777
7019
24273
68328
34064
46998
9125
36196
79377
17890
88294
57221
25503
31797
65457
34220
96134
92163
47153
51704
18518
7791
58760
73986
31574
8989
22651
9762
83532
86516
34165
74049
34872
77369
17
68950
47327
90889
12999
64654
1641
76985
49092
11596
6001
12550
29121
26117
2334
44440
79018
8917
49416
79346
89532
21322
20852
54358
87551
76337
70762
39409
65991
61926
84310
44817
39554
97202
74725
67660
82334
38775
96450
338
56833
13984
26597
63990
73195
88196
8911
15931
83624
72575
69881
3136
55533
73202
63984
89097
39754
13897
63461
87231
4731
95041
19625
4706
77216
77236
19859
15333
97570
57823
84878
28891
63211
82227
78605
50265
98357
51369
9390
55142
7779
28366
58729
6471
54756
20291
78192
46518
39425
68239
66005
22510
1156
26342
86839
24801
40778
16890
11340
8941
4035
80628
28556
52171
28365
49831
36290
36245
65311
72064
55228
42624
71928
78618
94398
31568
72178
86747
97915
9659
51275
96104
56247
4046
325
67869
63900
28321
4673
42705
29315
24715
83899
91185
42146
1004
99346
73861
72036
63824
43143
76559
60178
26242
88607
15291
68047
36321
83487
63819
84633
1979
13358
98767
80587
33970
90644
16819
69189
67127
21464
95395
22615
9358
90884
68585
27081
26722
38845
70780
91660
56380
98124
65013
59484
30965
56063
88962
49015
14450
13913
68906
37081
41814
92129
88860
71191
4497
15484
40590
46342
7688
95999
57019
9506
42069
75540
35104
48183
19107
8398
87653
44491
86154
83189
6915
74005
75393
95688
52126
1820
60014
14677
95706
59700
38305
20236
86507
17182
77098
6861
31267
64729
29898
31397
83497
1368
48901
85005
75179
58666
22859
89519
62173
66440
9956
90155
84985
51983
76927
22457
68340
71169
17572
91686
79130
61654
91141
45387
42779
41456
77101
6386
12660
38884
95887
62396
53249
46580
51461
5790
75653
78865
84963
8877
63748
63261
62982
4036
81405
75581
61658
53511
32465
93415
48545
88082
5265
42750
53967
89357
71253
69543
33661
94219
17502
66171
67055
20988
5432
3977
26407
29348
53161
37879
85637
95114
56871
3633
56990
25457
17579
82088
18850
25140
32071
53444
32122
21310
30651
72391
95498
70603
74604
97843
37594
90919
19617
42180
66306
68409
67514
61329
19180
35192
36934
88806
15393
5954
62447
25626
61300
14041
34645
94472
67951
38681
53181
30634
19975
18653
43235
71570
12142
59039
27125
89012
8131
79276
1730
80843
40725
43252
98752
71705
85818
526
71104
93794
8163
26647
69541
87585
88517
93575
74152
99997
62330
88432
282
324
66725
60820
69003
79116
29458
13806
66744
32442
7369
80530
61140
98478
96783
43572
18018
35760
78408
99614
26952
76207
34798
41843
32438
26913
19352
81808
37558
93919
62375
27405
34975
37531
50649
66903
62713
89616
14208
29803
38909
74238
61608
1229
35565
40495
25015
3405
29512
60196
28823
38616
78461
48877
60471
53209
43154
68116
86558
65746
48937
21183
93495
75064
40615
8825
913
28066
58444
51279
27961
41521
60594
18324
74277
39133
14274
41408
84479
82871
25218
8758
13503
28335
12316
12488
59575
36437
40321
87225
66309
22680
78334
80394
80704
51056
2430
77259
35798
83897
15777
57694
2475
50847
50316
78755
28423
10130
1645
54768
851
73342
94404
71706
7844
41728
14618
5185
3649
23885
84224
8920
17802
9709
3713
94187
99237
50120
22481
98332
96711
65220
69604
81780
26082
26282
54700
21261
80657
919
84645
47063
98157
6538
17853
57852
63278
77928
6711
43633
25383
75676
41287
7554
48528
17593
85657
55680
41788
16743
52997
78498
56570
17083
39019
11493
19128
52493
13932
15792
31480
41367
82872
22991
65409
21179
4614
34176
39736
26016
99486
1010
58901
35054
70718
64888
7012
51205
45424
63333
34806
56667
72925
6242
60143
12281
23919
51591
9716
64038
89705
17714
54574
13411
9881
57086
20104
16042
40052
98929
25850
47104
87862
79969
56781
55016
98658
21582
45770
4106
45776
21011
98921
63069
90685
71794
24137
56098
67804
49654
2110
39929
28482
55437
49273
28242
87441
88313
77072
96335
7742
43374
73825
62412
76503
44951
66156
96626
72399
7185
39768
88880
73707
30648
49592
81885
38184
28184
37874
67343
6061
65474
51192
35574
75068
47480
94221
85489
86832
94037
40703
63798
46648
83287
30081
72384
72429
55187
1951
85875
6896
52113
68495
24330
83876
8767
1797
96303
95211
34198
72873
98810
42744
48210
66331
8631
56261
45193
11062
68228
741
62961
86425
15989
17069
64910
36719
9007
95587
53654
48872
35023
99858
45185
95856
61546
21174
27724
65391
68515
89034
52454
24118
30220
57561
30711
90669
98261
7211
17319
33478
35052
47693
55738
13562
8315
14644
55597
22972
92248
35120
452
3728
47889
28194
79854
52658
2818
42721
36979
85863
29754
66013
54732
35537
30103
33937
77896
43870
74125
15707
36707
92496
16098
46781
4508
32259
97619
17029
48524
18051
41597
9528
20835
13413
29688
72749
82743
2125
19897
38733
28041
88985
97481
64589
24270
22299
47331
8293
25664
32044
43263
6791
16277
85276
59389
60810
78105
27487
46762
4837
23145
67943
77796
89014
99206
68013
30316
80965
42393
56488
98385
27783
76264
43715
80084
30023
26769
41502
73506
50440
21527
57133
75952
51034
44088
41576
77792
24356
46090
64746
54059
44493
40327
66294
14811
61626
57468
92296
16208
37194
17649
78514
83797
5728
80895
29865
41354
22234
29342
70972
76235
66619
13395
4179
17726
